# Modified from:
# http://soliton.vm.bytemark.co.uk/pub/cpt-city/mpl/tn/viridis.png.index.html
100.00%	253	231	37
99.61%	251	231	35
99.22%	248	230	33
98.82%	246	230	32
98.43%	244	230	30
98.04%	241	229	29
97.65%	239	229	28
97.25%	236	229	27
96.86%	234	229	26
96.47%	231	228	25
96.08%	229	228	25
95.69%	226	228	24
95.29%	223	227	24
94.90%	221	227	24
94.51%	218	227	25
94.12%	216	226	25
93.73%	213	226	26
93.33%	210	226	27
92.94%	208	225	28
92.55%	205	225	29
92.16%	202	225	31
91.76%	200	224	32
91.37%	197	224	33
90.98%	194	223	35
90.59%	192	223	37
90.20%	189	223	38
89.80%	186	222	40
89.41%	184	222	41
89.02%	181	222	43
88.63%	178	221	45
88.24%	176	221	47
87.84%	173	220	48
87.45%	170	220	50
87.06%	168	219	52
86.67%	165	219	54
86.27%	162	218	55
85.88%	160	218	57
85.49%	157	217	59
85.10%	155	217	60
84.71%	152	216	62
84.31%	149	216	64
83.92%	147	215	65
83.53%	144	215	67
83.14%	142	214	69
82.75%	139	214	70
82.35%	137	213	72
81.96%	134	213	73
81.57%	132	212	75
81.18%	129	211	77
80.78%	127	211	78
80.39%	124	210	80
80.00%	122	209	81
79.61%	119	209	83
79.22%	117	208	84
78.82%	115	208	86
78.43%	112	207	87
78.04%	110	206	88
77.65%	108	205	90
77.25%	105	205	91
76.86%	103	204	92
76.47%	101	203	94
76.08%	99	203	95
75.69%	96	202	96
75.29%	94	201	98
74.90%	92	200	99
74.51%	90	200	100
74.12%	88	199	101
73.73%	86	198	103
73.33%	84	197	104
72.94%	82	197	105
72.55%	80	196	106
72.16%	78	195	107
71.76%	76	194	108
71.37%	74	193	109
70.98%	72	193	110
70.59%	70	192	111
70.20%	68	191	112
69.80%	66	190	113
69.41%	64	189	114
69.02%	63	188	115
68.63%	61	188	116
68.24%	59	187	117
67.84%	58	186	118
67.45%	56	185	119
67.06%	55	184	120
66.67%	53	183	121
66.27%	52	182	121
65.88%	50	182	122
65.49%	49	181	123
65.10%	47	180	124
64.71%	46	179	124
64.31%	45	178	125
63.92%	44	177	126
63.53%	42	176	127
63.14%	41	175	127
62.75%	40	174	128
62.35%	39	173	129
61.96%	38	173	129
61.57%	37	172	130
61.18%	37	171	130
60.78%	36	170	131
60.39%	35	169	131
60.00%	34	168	132
59.61%	34	167	133
59.22%	33	166	133
58.82%	33	165	133
58.43%	32	164	134
58.04%	32	163	134
57.65%	31	162	135
57.25%	31	161	135
56.86%	31	161	136
56.47%	31	160	136
56.08%	31	159	136
55.69%	31	158	137
55.29%	30	157	137
54.90%	30	156	137
54.51%	30	155	138
54.12%	31	154	138
53.73%	31	153	138
53.33%	31	152	139
52.94%	31	151	139
52.55%	31	150	139
52.16%	31	149	139
51.76%	31	148	140
51.37%	32	147	140
50.98%	32	146	140
50.59%	32	146	140
50.20%	33	145	140
49.80%	33	144	141
49.41%	33	143	141
49.02%	33	142	141
48.63%	34	141	141
48.24%	34	140	141
47.84%	34	139	141
47.45%	35	138	141
47.06%	35	137	142
46.67%	35	136	142
46.27%	36	135	142
45.88%	36	134	142
45.49%	37	133	142
45.10%	37	132	142
44.71%	37	131	142
44.31%	38	130	142
43.92%	38	130	142
43.53%	38	129	142
43.14%	39	128	142
42.75%	39	127	142
42.35%	39	126	142
41.96%	40	125	142
41.57%	40	124	142
41.18%	41	123	142
40.78%	41	122	142
40.39%	41	121	142
40.00%	42	120	142
39.61%	42	119	142
39.22%	42	118	142
38.82%	43	117	142
38.43%	43	116	142
38.04%	44	115	142
37.65%	44	114	142
37.25%	44	113	142
36.86%	45	113	142
36.47%	45	112	142
36.08%	46	111	142
35.69%	46	110	142
35.29%	46	109	142
34.90%	47	108	142
34.51%	47	107	142
34.12%	48	106	142
33.73%	48	105	142
33.33%	49	104	142
32.94%	49	103	142
32.55%	49	102	142
32.16%	50	101	142
31.76%	50	100	142
31.37%	51	99	141
30.98%	51	98	141
30.59%	52	97	141
30.20%	52	96	141
29.80%	53	95	141
29.41%	53	94	141
29.02%	54	93	141
28.63%	54	92	141
28.24%	55	91	141
27.84%	55	90	140
27.45%	56	89	140
27.06%	56	88	140
26.67%	57	86	140
26.27%	57	85	140
25.88%	58	84	140
25.49%	58	83	139
25.10%	59	82	139
24.71%	59	81	139
24.31%	60	80	139
23.92%	60	79	138
23.53%	61	78	138
23.14%	61	77	138
22.75%	62	76	138
22.35%	62	74	137
21.96%	62	73	137
21.57%	63	72	137
21.18%	63	71	136
20.78%	64	70	136
20.39%	64	69	136
20.00%	65	68	135
19.61%	65	66	135
19.22%	66	65	134
18.82%	66	64	134
18.43%	66	63	133
18.04%	67	62	133
17.65%	67	61	132
17.25%	68	59	132
16.86%	68	58	131
16.47%	68	57	131
16.08%	69	56	130
15.69%	69	55	129
15.29%	69	53	129
14.90%	70	52	128
14.51%	70	51	127
14.12%	70	50	126
13.73%	70	48	126
13.33%	71	47	125
12.94%	71	46	124
12.55%	71	45	123
12.16%	71	44	122
11.76%	71	42	122
11.37%	72	41	121
10.98%	72	40	120
10.59%	72	38	119
10.20%	72	37	118
9.80%	72	36	117
9.41%	72	35	116
9.02%	72	33	115
8.63%	72	32	113
8.24%	72	31	112
7.84%	72	29	111
7.45%	72	28	110
7.06%	72	27	109
6.67%	72	26	108
6.27%	72	24	106
5.88%	72	23	105
5.49%	72	22	104
5.10%	72	20	103
4.71%	71	19	101
4.31%	71	17	100
3.92%	71	16	99
3.53%	71	14	97
3.14%	71	13	96
2.75%	70	11	94
2.35%	70	10	93
1.96%	70	8	92
1.57%	70	7	90
1.18%	69	5	89
0.78%	69	4	87
0.39%	68	2	86
0.00%	68	1	84
end