# Modified from:
# http://soliton.vm.bytemark.co.uk/pub/cpt-city/mpl/tn/plasma.png.index.html
100.00%	240	249	33
99.61%	240	247	36
99.22%	241	245	37
98.82%	241	244	38
98.43%	242	242	39
98.04%	243	240	39
97.65%	243	238	39
97.25%	244	237	39
96.86%	245	235	39
96.47%	245	233	38
96.08%	246	232	38
95.69%	246	230	38
95.29%	247	228	37
94.90%	247	226	37
94.51%	248	225	37
94.12%	248	223	37
93.73%	249	221	37
93.33%	249	220	36
92.94%	250	218	36
92.55%	250	216	36
92.16%	251	215	36
91.76%	251	213	36
91.37%	251	211	36
90.98%	252	210	37
90.59%	252	208	37
90.20%	252	206	37
89.80%	252	205	37
89.41%	253	203	38
89.02%	253	202	38
88.63%	253	200	39
88.24%	253	198	39
87.84%	253	197	39
87.45%	253	195	40
87.06%	253	194	41
86.67%	254	192	41
86.27%	254	190	42
85.88%	254	189	42
85.49%	254	187	43
85.10%	254	186	44
84.71%	254	184	44
84.31%	254	183	45
83.92%	253	181	46
83.53%	253	180	47
83.14%	253	178	47
82.75%	253	177	48
82.35%	253	175	49
81.96%	253	174	50
81.57%	253	172	51
81.18%	253	171	51
80.78%	252	169	52
80.39%	252	168	53
80.00%	252	166	54
79.61%	252	165	55
79.22%	252	163	56
78.82%	251	162	56
78.43%	251	161	57
78.04%	251	159	58
77.65%	250	158	59
77.25%	250	156	60
76.86%	250	155	61
76.47%	249	154	62
76.08%	249	152	62
75.69%	249	151	63
75.29%	248	149	64
74.90%	248	148	65
74.51%	247	147	66
74.12%	247	145	67
73.73%	247	144	68
73.33%	246	143	68
72.94%	246	141	69
72.55%	245	140	70
72.16%	245	139	71
71.76%	244	137	72
71.37%	244	136	73
70.98%	243	135	74
70.59%	243	133	75
70.20%	242	132	75
69.80%	241	131	76
69.41%	241	129	77
69.02%	240	128	78
68.63%	240	127	79
68.24%	239	126	80
67.84%	239	124	81
67.45%	238	123	81
67.06%	237	122	82
66.67%	237	121	83
66.27%	236	119	84
65.88%	235	118	85
65.49%	235	117	86
65.10%	234	116	87
64.71%	233	114	87
64.31%	233	113	88
63.92%	232	112	89
63.53%	231	111	90
63.14%	231	110	91
62.75%	230	108	92
62.35%	229	107	93
61.96%	229	106	93
61.57%	228	105	94
61.18%	227	104	95
60.78%	226	102	96
60.39%	226	101	97
60.00%	225	100	98
59.61%	224	99	99
59.22%	223	98	99
58.82%	222	97	100
58.43%	222	95	101
58.04%	221	94	102
57.65%	220	93	103
57.25%	219	92	104
56.86%	218	91	105
56.47%	218	90	106
56.08%	217	88	106
55.69%	216	87	107
55.29%	215	86	108
54.90%	214	85	109
54.51%	213	84	110
54.12%	213	83	111
53.73%	212	82	112
53.33%	211	81	113
52.94%	210	79	113
52.55%	209	78	114
52.16%	208	77	115
51.76%	207	76	116
51.37%	206	75	117
50.98%	205	74	118
50.59%	204	73	119
50.20%	204	71	120
49.80%	203	70	121
49.41%	202	69	122
49.02%	201	68	122
48.63%	200	67	123
48.24%	199	66	124
47.84%	198	65	125
47.45%	197	64	126
47.06%	196	62	127
46.67%	195	61	128
46.27%	194	60	129
45.88%	193	59	130
45.49%	192	58	131
45.10%	191	57	132
44.71%	190	56	133
44.31%	189	55	134
43.92%	188	53	135
43.53%	187	52	136
43.14%	186	51	136
42.75%	184	50	137
42.35%	183	49	138
41.96%	182	48	139
41.57%	181	47	140
41.18%	180	46	141
40.78%	179	44	142
40.39%	178	43	143
40.00%	177	42	144
39.61%	176	41	145
39.22%	174	40	146
38.82%	173	39	147
38.43%	172	38	148
38.04%	171	36	148
37.65%	170	35	149
37.25%	168	34	150
36.86%	167	33	151
36.47%	166	32	152
36.08%	165	31	153
35.69%	163	30	154
35.29%	162	29	154
34.90%	161	27	155
34.51%	160	26	156
34.12%	158	25	157
33.73%	157	24	157
33.33%	156	23	158
32.94%	154	22	159
32.55%	153	21	159
32.16%	152	20	160
31.76%	150	19	161
31.37%	149	17	161
30.98%	148	16	162
30.59%	146	15	163
30.20%	145	14	163
29.80%	143	13	164
29.41%	142	12	164
29.02%	141	11	165
28.63%	139	10	165
28.24%	138	9	165
27.84%	136	8	166
27.45%	135	7	166
27.06%	134	6	166
26.67%	132	5	167
26.27%	131	5	167
25.88%	129	4	167
25.49%	128	4	168
25.10%	126	3	168
24.71%	125	3	168
24.31%	123	2	168
23.92%	122	2	168
23.53%	120	1	168
23.14%	119	1	168
22.75%	117	1	168
22.35%	116	1	168
21.96%	114	1	168
21.57%	113	0	168
21.18%	111	0	168
20.78%	110	0	168
20.39%	108	0	168
20.00%	106	0	168
19.61%	105	0	168
19.22%	103	0	168
18.82%	102	0	167
18.43%	100	0	167
18.04%	99	0	167
17.65%	97	0	167
17.25%	96	1	166
16.86%	94	1	166
16.47%	92	1	166
16.08%	91	1	165
15.69%	89	1	165
15.29%	88	1	164
14.90%	86	1	164
14.51%	85	2	164
14.12%	83	2	163
13.73%	81	2	163
13.33%	80	2	162
12.94%	78	2	162
12.55%	76	2	161
12.16%	75	3	161
11.76%	73	3	160
11.37%	72	3	159
10.98%	70	3	159
10.59%	68	3	158
10.20%	67	3	158
9.80%	65	4	157
9.41%	63	4	156
9.02%	62	4	156
8.63%	60	4	155
8.24%	58	4	154
7.84%	56	4	154
7.45%	55	4	153
7.06%	53	4	152
6.67%	51	5	151
6.27%	49	5	151
5.88%	47	5	150
5.49%	46	5	149
5.10%	44	5	148
4.71%	42	5	147
4.31%	40	5	146
3.92%	38	5	145
3.53%	36	6	145
3.14%	34	6	144
2.75%	32	6	143
2.35%	29	6	142
1.96%	27	6	141
1.57%	25	6	140
1.18%	22	7	138
0.78%	19	7	137
0.39%	16	7	136
0.00%	13	8	135
end