# Modified from:
# https://gist.github.com/mikhailov-work/6a308c20e494d9e0ccc29036b28faa7a
# Copyright 2019 Google LLC.
# SPDX-License-Identifier: Apache-2.0
# Author: Anton Mikhailov
0.00%	48	18	59
0.39%	50	21	67
0.78%	51	24	74
1.18%	52	27	81
1.57%	53	30	88
1.96%	54	33	95
2.35%	55	36	102
2.75%	56	39	109
3.14%	57	42	115
3.53%	58	45	121
3.92%	59	47	128
4.31%	60	50	134
4.71%	61	53	139
5.10%	62	56	145
5.49%	63	59	151
5.88%	63	62	156
6.27%	64	64	162
6.67%	65	67	167
7.06%	65	70	172
7.45%	66	73	177
7.84%	66	75	181
8.24%	67	78	186
8.63%	68	81	191
9.02%	68	84	195
9.41%	68	86	199
9.80%	69	89	203
10.20%	69	92	207
10.59%	69	94	211
10.98%	70	97	214
11.37%	70	100	218
11.76%	70	102	221
12.16%	70	105	224
12.55%	70	107	227
12.94%	71	110	230
13.33%	71	113	233
13.73%	71	115	235
14.12%	71	118	238
14.51%	71	120	240
14.90%	71	123	242
15.29%	70	125	244
15.69%	70	128	246
16.08%	70	130	248
16.47%	70	133	250
16.86%	70	135	251
17.25%	69	138	252
17.65%	69	140	253
18.04%	68	143	254
18.43%	67	145	254
18.82%	66	148	255
19.22%	65	150	255
19.61%	64	153	255
20.00%	62	155	254
20.39%	61	158	254
20.78%	59	160	253
21.18%	58	163	252
21.57%	56	165	251
21.96%	55	168	250
22.35%	53	171	248
22.75%	51	173	247
23.14%	49	175	245
23.53%	47	178	244
23.92%	46	180	242
24.31%	44	183	240
24.71%	42	185	238
25.10%	40	188	235
25.49%	39	190	233
25.88%	37	192	231
26.27%	35	195	228
26.67%	34	197	226
27.06%	32	199	223
27.45%	31	201	221
27.84%	30	203	218
28.24%	28	205	216
28.63%	27	208	213
29.02%	26	210	210
29.41%	26	212	208
29.80%	25	213	205
30.20%	24	215	202
30.59%	24	217	200
30.98%	24	219	197
31.37%	24	221	194
31.76%	24	222	192
32.16%	24	224	189
32.55%	25	226	187
32.94%	25	227	185
33.33%	26	228	182
33.73%	28	230	180
34.12%	29	231	178
34.51%	31	233	175
34.90%	32	234	172
35.29%	34	235	170
35.69%	37	236	167
36.08%	39	238	164
36.47%	42	239	161
36.86%	44	240	158
37.25%	47	241	155
37.65%	50	242	152
38.04%	53	243	148
38.43%	56	244	145
38.82%	60	245	142
39.22%	63	246	138
39.61%	67	247	135
40.00%	70	248	132
40.39%	74	248	128
40.78%	78	249	125
41.18%	82	250	122
41.57%	85	250	118
41.96%	89	251	115
42.35%	93	252	111
42.75%	97	252	108
43.14%	101	253	105
43.53%	105	253	102
43.92%	109	254	98
44.31%	113	254	95
44.71%	117	254	92
45.10%	121	254	89
45.49%	125	255	86
45.88%	128	255	83
46.27%	132	255	81
46.67%	136	255	78
47.06%	139	255	75
47.45%	143	255	73
47.84%	146	255	71
48.24%	150	254	68
48.63%	153	254	66
49.02%	156	254	64
49.41%	159	253	63
49.80%	161	253	61
50.20%	164	252	60
50.59%	167	252	58
50.98%	169	251	57
51.37%	172	251	56
51.76%	175	250	55
52.16%	177	249	54
52.55%	180	248	54
52.94%	183	247	53
53.33%	185	246	53
53.73%	188	245	52
54.12%	190	244	52
54.51%	193	243	52
54.90%	195	241	52
55.29%	198	240	52
55.69%	200	239	52
56.08%	203	237	52
56.47%	205	236	52
56.86%	208	234	52
57.25%	210	233	53
57.65%	212	231	53
58.04%	215	229	53
58.43%	217	228	54
58.82%	219	226	54
59.22%	221	224	55
59.61%	223	223	55
60.00%	225	221	55
60.39%	227	219	56
60.78%	229	217	56
61.18%	231	215	57
61.57%	233	213	57
61.96%	235	211	57
62.35%	236	209	58
62.75%	238	207	58
63.14%	239	205	58
63.53%	241	203	58
63.92%	242	201	58
64.31%	244	199	58
64.71%	245	197	58
65.10%	246	195	58
65.49%	247	193	58
65.88%	248	190	57
66.27%	249	188	57
66.67%	250	186	57
67.06%	251	184	56
67.45%	251	182	55
67.84%	252	179	54
68.24%	252	177	54
68.63%	253	174	53
69.02%	253	172	52
69.41%	254	169	51
69.80%	254	167	50
70.20%	254	164	49
70.59%	254	161	48
70.98%	254	158	47
71.37%	254	155	45
71.76%	254	153	44
72.16%	254	150	43
72.55%	254	147	42
72.94%	254	144	41
73.33%	253	141	39
73.73%	253	138	38
74.12%	252	135	37
74.51%	252	132	35
74.90%	251	129	34
75.29%	251	126	33
75.69%	250	123	31
76.08%	249	120	30
76.47%	249	117	29
76.86%	248	114	28
77.25%	247	111	26
77.65%	246	108	25
78.04%	245	105	24
78.43%	244	102	23
78.82%	243	99	21
79.22%	242	96	20
79.61%	241	93	19
80.00%	240	91	18
80.39%	239	88	17
80.78%	237	85	16
81.18%	236	83	15
81.57%	235	80	14
81.96%	234	78	13
82.35%	232	75	12
82.75%	231	73	12
83.14%	229	71	11
83.53%	228	69	10
83.92%	226	67	10
84.31%	225	65	9
84.71%	223	63	8
85.10%	221	61	8
85.49%	220	59	7
85.88%	218	57	7
86.27%	216	55	6
86.67%	214	53	6
87.06%	212	51	5
87.45%	210	49	5
87.84%	208	47	5
88.24%	206	45	4
88.63%	204	43	4
89.02%	202	42	4
89.41%	200	40	3
89.80%	197	38	3
90.20%	195	37	3
90.59%	193	35	2
90.98%	190	33	2
91.37%	188	32	2
91.76%	185	30	2
92.16%	183	29	2
92.55%	180	27	1
92.94%	178	26	1
93.33%	175	24	1
93.73%	172	23	1
94.12%	169	22	1
94.51%	167	20	1
94.90%	164	19	1
95.29%	161	18	1
95.69%	158	16	1
96.08%	155	15	1
96.47%	152	14	1
96.86%	149	13	1
97.25%	146	11	1
97.65%	142	10	1
98.04%	139	9	2
98.43%	136	8	2
98.82%	133	7	2
99.22%	129	6	2
99.61%	126	5	2
100.00%	122	4	3
end